1911 mo ι · · 13111911 1911 1 (11911111191311 1911111111 1911 v · ·
91 9199 19131111 Ι 9119111919119119 9 · · u 111119 119199 (9139· v) 9191913993γρ 1
11911191 1319119119 u Ι 91391111· 9 · · n 9199911991191119 Ι 1199111199 191313 91 99911
1191119119 9 1113191) 9 Ι 9111 mo oa · · v 111119 nd} 11119 mx} Ι 1119111119 ·1 ado?
9991119 111199 99119 ·’ u 91119 9391111119 111191 · (9919 1)319919 1 ’1199191111
-19 9113 9 1111111119 1131111119 1 mo 9 · · nv 9199 11911191 11119 9111 (1919 911911 mo 1)
131919 9111111911 131919 11999 · (1311- 11) 11119911· 919911913991111 9119 ἰ ‘11
1191111191 1199 1191119199 1911 1911911199 91 1111 1191 9991 1911
1911199111119119191199119 91919 1911 ,9911111111 9 131311 19111999οῲ 1191119 9311
-911199 19 1911 ,9111199911 9911111111( 919119 pm? 113 1911 ’31119111 31113191 9999111
-1Χ 111911113111119 119 9 · · av 91111 (9991191919 11919119 11) 1191191119 9919191919 -
(9111911191111999991191111- (1191111111 1111119 91119 1191911913111) (9131111111 1111

11111119 9911111393 9991 99191 1311 1911 *9919119111911111111199911 119
11111119 931311319111111111 ,31913 1911 9919111119 1199 nomino-:34
·9919919>1
991 11913111991111111 11311911 131111911 1911 9931119911 19131111 *119199
911999139113119 1199 1911 9111119991911 1319119119 11911199 9939 119111
11919 *119191119>1991 9911111131199 *9119919199 11999111ι 1191 11913
,11111199 111 191311 1199111199 11111919 99111999111919 ,19113119 11111991
-911 11199911111191 9991119111 119911 9911111111 9 131311 11919199 1191
1111111 1999119199 ,9119119 1191113199 11111111 999111191999111 31311119 9119
111111 119 1199 91111 ,1139111919111199 11911911 91919 91199 *1999111191 1911
991111 *11939199191311913111111191111119119911911 1111911911 1111119111 1199
991111 11991111999199 1191119111 913 19919111119111311 111111 9199 9111 119119
19 1913993119 9111 9391111119 111199 1199111159 111111 9191199 9191 d} 1111
319919 ,1199111191 99119 1311111 1911 0012 9919111119 11111919 1139111119
1191991 11119 9111 131919 91911199 ι1319111 119911 99 99911 9 ’1199111919
*1111119119 ,1319191911199 9911131111111911911-111 11913999191999119 1111
*9991119111 9111313111111 ,9119199 99119 311113 1911 99919999111113939939
91139999 9991 1911 191111991111 1191 9199911911399191 9119 1

·X1 9119111

1119191119 11119ῳό11119

911193111911119111 31311119 11919 ,1111911 1191 99119 1319111911 *1191111οῴ9

99111Ξ91( 991 11199191111111 11111 9919111111 9 1199 9991191119 11391119
-911911911111119111111919 1913111111 9191 119 91119111 99191111 99199991
1191911111 1191 ,1191913 11111919 191119 1131191111991111 99 ,19111919 1119
-1191911 1931911191 19 11991111 9131191 9991 1911 99199 9119999119 119999

669 111 ‘a 1111111191

 

